100 1000 137
135 136 136 133 136 30 91 65 57 67 36 97 64 66 59 78 121 34 93 134 103 73 124 67 60 50 116 95 66 26 77 104 55 124 87 55 61 33 111 3 96 54 78 41 45 85 62 39 124 0 110 118 1 77 24 53 108 100 24 102 80 114 72 3 136 55 57 32 1 131 113 17 26 109 15 74 77 12 98 69 108 28 132 57 26 94 65 89 69 38 59 61 127 19 52 7 83 83 8 93
18 31
2 41
49 86
13 30
20 50
47 75
40 57
8 68
70 89
60 94
26 94
39 46
78 97
84 93
24 32
10 91
74 84
10 80
0 32
17 64
2 98
33 89
25 94
55 63
20 43
16 67
41 87
6 36
65 76
37 41
14 26
41 96
5 18
77 93
50 54
78 82
26 60
39 40
77 93
27 40
25 38
9 42
11 57
14 38
59 60
19 68
22 83
41 87
8 46
19 93
22 61
1 45
63 71
3 37
49 83
56 74
73 90
60 75
15 68
2 33
30 74
8 86
7 46
7 54
17 82
17 56
24 63
23 53
17 38
7 87
48 60
6 69
37 76
41 59
10 86
14 77
16 74
13 94
72 86
40 69
21 45
68 91
39 83
36 85
1 83
6 67
8 64
0 33
43 83
25 26
56 65
9 16
17 29
14 94
31 85
30 81
28 29
2 27
14 87
35 60
84 97
13 50
63 75
66 99
60 68
19 31
17 55
66 92
53 99
11 53
17 37
15 56
0 53
9 95
9 12
72 73
68 98
32 51
13 43
45 91
17 24
20 95
42 93
2 62
38 99
26 48
12 98
3 60
0 29
19 45
75 91
6 52
32 82
74 80
30 74
16 40
4 54
40 76
37 98
63 79
12 92
34 66
68 70
30 96
43 91
36 70
23 76
51 92
22 29
31 67
1 62
11 54
28 59
27 68
56 59
61 76
19 57
32 66
59 79
36 66
9 25
47 58
2 78
11 55
51 66
51 96
1 41
33 74
9 53
25 40
44 92
36 52
18 21
24 90
54 77
76 86
55 66
8 70
18 64
1 72
77 84
57 70
21 88
14 37
24 90
13 46
16 20
18 35
15 77
30 72
65 90
51 79
22 72
11 87
68 77
64 68
84 93
34 65
70 86
34 47
89 89
15 43
22 41
6 75
5 73
1 13
56 57
25 41
3 43
53 93
8 26
2 97
38 68
12 39
11 17
47 65
1 68
50 96
46 68
74 90
33 85
38 64
57 66
23 35
43 55
62 73
32 45
25 70
18 56
27 50
9 92
0 75
72 77
42 53
40 79
63 67
18 49
18 45
42 58
12 22
12 79
10 96
28 66
21 40
29 84
38 68
65 77
7 28
52 53
0 67
49 92
13 41
8 77
33 90
28 57
17 81
47 55
48 59
13 44
25 49
29 43
7 88
50 95
28 51
42 70
72 83
7 46
75 93
7 92
3 18
24 62
7 91
28 62
18 23
2 75
38 89
22 82
3 76
0 65
0 15
69 86
89 95
9 38
8 11
1 18
19 60
34 84
41 49
25 67
30 91
77 79
19 46
36 86
52 57
56 66
38 94
44 48
18 61
13 37
32 80
69 82
46 82
6 23
6 55
14 29
74 79
92 99
18 39
21 92
1 39
24 84
12 38
2 15
0 98
10 31
86 87
9 92
78 87
29 58
2 14
64 66
23 71
13 98
87 92
10 10
34 36
70 94
13 99
30 83
22 60
11 26
48 71
33 90
43 43
11 28
23 34
10 92
67 99
5 30
50 84
50 94
21 36
7 45
65 67
34 94
36 39
61 77
9 67
20 42
20 44
43 56
79 94
81 96
31 61
3 92
14 45
46 51
8 36
18 42
20 22
28 37
30 39
53 67
12 87
74 91
64 74
34 59
34 92
65 68
8 12
11 17
29 38
53 56
17 79
48 67
8 71
44 72
40 98
24 70
36 95
1 93
83 93
26 33
59 59
61 97
32 93
3 4
85 90
42 86
70 83
32 74
20 78
48 99
22 62
49 81
0 28
42 77
10 55
83 98
66 71
23 86
12 63
15 82
42 83
21 57
11 80
17 20
69 77
54 95
37 58
12 41
12 75
5 69
24 77
68 93
65 72
60 62
68 69
40 46
52 97
26 57
5 64
14 52
43 98
62 76
2 68
39 64
18 55
86 96
47 73
73 87
56 79
14 18
71 92
51 56
29 59
9 22
41 81
1 71
18 80
2 3
80 96
93 94
0 55
47 62
1 59
44 56
19 22
7 59
9 34
0 44
31 58
18 90
6 95
29 60
89 97
69 97
38 60
68 84
5 98
17 67
17 22
5 84
47 94
5 69
20 24
4 16
10 13
64 79
46 90
57 68
35 95
36 96
85 87
6 53
42 66
3 66
26 37
8 72
10 14
66 98
30 78
47 86
35 51
67 88
66 67
8 61
54 57
68 73
40 66
79 98
51 70
65 88
14 17
25 93
24 65
12 67
33 78
21 44
2 46
85 99
34 86
72 96
16 31
33 74
28 91
81 91
0 45
5 81
23 86
32 62
9 34
3 29
32 65
24 95
26 31
16 77
16 40
14 63
77 95
17 27
61 97
32 50
7 34
23 57
20 26
6 86
16 38
93 95
2 68
42 92
25 70
37 50
35 51
19 22
73 88
25 43
88 96
34 97
6 65
59 73
22 66
48 87
53 64
62 62
19 90
58 61
14 84
92 98
55 70
35 42
67 94
19 88
7 27
77 79
7 11
33 62
49 67
17 76
48 83
85 96
0 50
76 98
5 69
69 92
87 91
38 61
77 99
36 44
59 72
80 99
9 52
0 50
51 66
1 2
5 95
65 71
12 79
39 73
18 70
54 55
26 98
27 78
46 99
49 91
44 95
16 74
46 81
47 66
46 66
87 96
51 58
12 39
55 89
45 56
11 11
53 61
57 67
67 93
5 80
21 59
93 93
17 22
1 55
20 87
66 91
61 70
41 78
10 78
38 38
9 30
70 78
20 47
17 51
69 82
34 71
23 54
2 93
9 10
25 29
8 12
62 98
16 86
36 93
62 75
38 91
72 89
1 54
32 40
22 64
25 74
42 70
65 96
16 90
50 65
24 70
69 89
83 88
32 88
33 52
36 52
66 87
18 84
52 63
40 82
61 74
2 69
85 87
35 78
32 91
24 77
5 8
69 98
46 88
64 72
8 51
59 94
23 60
15 64
42 58
4 57
34 41
58 63
22 90
26 83
38 71
10 34
2 91
55 74
46 99
0 17
24 73
23 54
9 82
56 75
61 62
39 99
51 90
12 47
30 42
20 96
54 58
17 62
13 55
90 98
9 73
35 92
61 77
12 79
8 93
91 99
51 76
11 33
17 73
76 99
8 17
69 86
71 95
3 88
46 54
12 54
20 97
16 77
16 26
25 49
61 82
4 54
51 81
20 52
36 83
2 18
15 21
43 49
7 11
59 65
95 96
0 79
16 30
6 45
42 47
51 96
79 90
22 24
62 94
42 62
15 78
3 10
26 57
71 95
83 97
13 67
4 79
19 34
11 45
38 41
54 69
31 60
7 35
15 71
25 28
11 44
7 28
57 81
46 57
12 51
46 69
1 99
4 70
28 44
25 35
11 97
15 96
13 78
87 87
8 94
16 30
63 88
42 72
83 85
27 92
47 56
13 15
34 48
44 99
43 94
39 73
9 49
23 62
20 44
27 29
10 93
37 78
47 65
30 87
31 57
20 62
29 59
3 70
9 45
78 85
18 36
73 74
56 71
13 53
64 74
14 34
30 63
20 87
11 38
8 81
17 64
49 97
21 36
75 93
8 50
5 8
55 98
17 40
77 84
1 95
10 75
3 68
9 81
82 88
49 52
7 27
3 7
74 76
54 95
31 74
11 55
25 89
53 94
33 59
4 39
64 64
15 30
7 86
16 65
47 55
13 59
75 76
61 94
28 81
95 99
0 86
2 23
45 94
57 64
34 59
1 42
45 56
51 60
11 47
45 67
45 62
14 97
6 92
49 73
43 85
9 27
20 56
6 96
9 24
14 41
4 71
6 25
12 24
87 89
1 91
36 66
19 42
71 80
73 95
2 70
24 76
43 76
23 78
70 86
42 75
4 29
25 71
51 57
51 67
38 84
6 13
40 88
34 36
55 59
17 46
36 91
58 70
20 87
38 83
55 70
22 85
6 12
4 5
64 80
10 34
10 64
3 81
28 45
15 78
8 63
5 88
7 31
0 5
2 35
33 62
43 98
46 74
23 56
5 48
77 96
32 73
39 73
26 50
5 8
19 55
13 51
54 79
18 99
48 73
42 64
63 69
18 51
31 68
10 91
38 99
11 68
4 18
38 45
6 67
3 79
2 82
48 51
76 99
93 99
31 63
90 96
13 96
28 89
51 77
13 22
2 42
16 52
3 74
23 41
57 58
51 82
6 45
51 96
8 29
34 58
69 81
31 96
58 61
2 39
47 83
82 92
47 90
58 74
8 33
11 43
46 78
8 12
40 64
26 80
5 14
12 14
43 79
34 35
37 95
60 82
23 69
8 43
3 86
44 44
40 80
45 73
50 93
34 75
57 84
16 17
86 98
45 64
70 79
82 90
4 80
19 68
71 96
38 48
21 98
4 29
6 96
52 86
11 52
13 76
50 95
50 84
4 42
53 96
2 94
9 42
46 81
68 90
75 82
42 73
77 82
60 84
78 84
36 62
68 70
10 96
21 42
12 98
5 50
1 21
15 99