105         105         1 2----> 67 67
34          34          2 4----> 67 113 39
79          79          2 8----> 67 67 113 39 129 122 133 84
99          99          4 5----> 39 129
84          84          8 8----> 84 84
122         83  XX        0 3----> 84 67 67 113
11          67  XX        0 1----> 84 67
108         108         6 8----> 122 133 84
84          84          0 0----> 84 84
39          39            9 9----> 39 39


TABLEAU DES ENTIERS: 84 0 67 67 113 39 129 122 133 84 39

TABLEAU CUMULE AVEC MODULO: [0, 84, 11, 52, 122, 100, 22, 81, 87, 47, 52]

TABLEAU CUMULE SANS MODULO: [0, 84, 5628, 377076, 42609588, 1661773932, 214368837228, 26152998141816, 3478348752861528, 292181295240368352, 11395070514374365728]
